name: ha_py36
channels:
  - conda-forge
  - bioconda
  - defaults
dependencies:
  - bcftools=1.9=h4da6232_0
  - blast=2.7.1=h4422958_6
  - bowtie2=2.3.4.3=py36h2d50403_0
  - filtlong=0.2.0=he941832_2
  - freebayes=1.2.0=py36h82df9c4_3
  - htslib=1.9=hc238db4_4
  - libdeflate=1.0=h470a237_0
  - links=1.8.6=h470a237_0
  - miniasm=0.3_r179=ha92aebf_0
  - minimap2=2.12=ha92aebf_0
  - nanoget=1.7.4=py36_0
  - nanomath=0.21.0=py36_2
  - nanoplot=1.13.0=py36_0
  - nanoplotter=1.0.0=py36_2
  - pauvre=0.1.86=py_1
  - perl-archive-tar=2.18=pl526_3
  - perl-carp=1.38=pl526_1
  - perl-compress-raw-bzip2=2.074=pl526hfc679d8_0
  - perl-compress-raw-zlib=2.081=pl526h2d50403_0
  - perl-data-dumper=2.161=pl526_2
  - perl-encode=2.88=pl526_1
  - perl-exporter=5.72=pl526_1
  - perl-exporter-tiny=1.000000=pl526_0
  - perl-extutils-makemaker=7.34=pl526_2
  - perl-io-compress=2.069=pl526hfc679d8_5
  - perl-io-zlib=1.10=pl526_2
  - perl-list-moreutils=0.428=pl526_1
  - perl-list-moreutils-xs=0.428=pl526_0
  - perl-parent=0.236=pl526_1
  - perl-pathtools=3.73=h470a237_2
  - perl-scalar-list-utils=1.45=pl526h470a237_3
  - perl-test-more=1.001002=pl526_1
  - perl-xsloader=0.24=pl526_0
  - pilon=1.22=1
  - porechop=0.2.3_seqan2.1.1=py36h2d50403_3
  - pysam=0.15.1=py36h0380709_0
  - racon=1.3.1=py36_1
  - samtools=1.9=h8ee4bcc_1
  - spades=3.12.0=1
  - unicycler=0.4.6=py36hdbcaa40_0
  - boost=1.67.0=py36h3e44d54_0
  - boost-cpp=1.67.0=h3a22d5f_0
  - ca-certificates=2018.10.15=ha4d7672_0
  - certifi=2018.10.15=py36_1000
  - gmp=6.1.2=hfc679d8_0
  - gnutls=3.5.19=h2a4e5f8_1
  - nettle=3.3=0
  - openssl=1.0.2p=h470a237_1
  - parallel=20180922=0
  - perl=5.26.2=h470a237_0
  - asn1crypto=0.24.0=py36_0
  - biopython=1.72=py36h04863e7_0
  - blas=1.0=mkl
  - bzip2=1.0.6=h14c3975_5
  - cffi=1.11.5=py36he75722e_1
  - chardet=3.0.4=py36_1
  - cryptography=2.3.1=py36hc365091_0
  - curl=7.61.0=h84994c4_0
  - cycler=0.10.0=py36_0
  - dbus=1.13.2=h714fa37_1
  - decorator=4.3.0=py36_0
  - expat=2.2.6=he6710b0_0
  - fontconfig=2.13.0=h9420a91_0
  - freetype=2.9.1=h8a8886c_1
  - glib=2.56.2=hd408876_0
  - gst-plugins-base=1.14.0=hbbd80ab_1
  - gstreamer=1.14.0=hb453b48_1
  - icu=58.2=h9c2bf20_1
  - idna=2.7=py36_0
  - intel-openmp=2019.0=118
  - ipython_genutils=0.2.0=py36_0
  - jpeg=9b=h024ee3a_2
  - jsonschema=2.6.0=py36_0
  - jupyter_core=4.4.0=py36_0
  - kiwisolver=1.0.1=py36hf484d3e_0
  - libcurl=7.61.0=h1ad7b7a_0
  - libedit=3.1.20170329=h6b74fdf_2
  - libffi=3.2.1=hd88cf55_4
  - libgcc=7.2.0=h69d50b8_2
  - libgcc-ng=8.2.0=hdf63c60_1
  - libgfortran-ng=7.3.0=hdf63c60_0
  - libpng=1.6.34=hb9fc6fc_0
  - libssh2=1.8.0=h9cfc8f7_4
  - libstdcxx-ng=8.2.0=hdf63c60_1
  - libuuid=1.0.3=h1bed415_2
  - libxcb=1.13=h1bed415_1
  - libxml2=2.9.8=h26e45fe_1
  - matplotlib=2.2.3=py36hb69df0a_0
  - mkl=2019.0=118
  - mkl_fft=1.0.4=py36h4414c95_1
  - mkl_random=1.0.1=py36h4414c95_1
  - nbformat=4.4.0=py36_0
  - ncurses=6.1=hf484d3e_0
  - numpy=1.15.1=py36h1d66e8a_0
  - numpy-base=1.15.1=py36h81de0dd_0
  - openjdk=8.0.152=h46b5887_1
  - pandas=0.23.4=py36h04863e7_0
  - patsy=0.5.0=py36_0
  - pcre=8.42=h439df22_0
  - pip=10.0.1=py36_0
  - plotly=3.2.1=py36h28b3542_0
  - pycparser=2.18=py36_1
  - pyopenssl=18.0.0=py36_0
  - pyparsing=2.2.0=py36_1
  - pyqt=5.9.2=py36h05f1152_2
  - pysocks=1.6.8=py36_0
  - python=3.6.6=hc3d631a_0
  - python-dateutil=2.7.3=py36_0
  - pytz=2018.5=py36_0
  - qt=5.9.6=h8703b6f_2
  - readline=7.0=h7b6447c_5
  - requests=2.19.1=py36_0
  - retrying=1.3.3=py36_2
  - scipy=1.1.0=py36hfa4b5c9_1
  - seaborn=0.9.0=py36_0
  - setuptools=40.2.0=py36_0
  - sip=4.19.8=py36hf484d3e_0
  - six=1.11.0=py36_1
  - sqlite=3.24.0=h84994c4_0
  - statsmodels=0.9.0=py36h035aef0_0
  - tk=8.6.8=hbc83047_0
  - tornado=5.1=py36h14c3975_0
  - traitlets=4.3.2=py36_0
  - urllib3=1.23=py36_0
  - wheel=0.31.1=py36_0
  - xz=5.2.4=h14c3975_4
  - zlib=1.2.11=ha838bed_2
  - pip:
    - networkx==2.1
    - nose==1.3.7
prefix: /mnt/users/ahgrosc1/tools/miniconda3/envs/ha_py36

